Season,TeamName,Tempo,RankTempo,AdjTempo,RankAdjTempo,OE,RankOE,AdjOE,RankAdjOE,DE,RankDE,AdjDE,RankAdjDE,Pythag,RankPythag
2010,Duke,66.5472,217,65.5306,249,115.331,5,119.959,1,91.7296,12,89.4958,8,0.966723,1
2010,Kansas,69.7748,73,68.6392,99,116.148,2,119.242,2,91.9692,13,89.7152,9,0.963452,2
2010,Kentucky,70.2727,55,69.7393,65,111.773,16,111.71,27,91.5916,11,88.007,5,0.939496,3
2010,Syracuse,70.8514,37,70.1471,55,114.205,7,115.472,9,94.1041,33,91.8622,20,0.9328,4
2010,"Kansas St.",71.581,26,70.276,47,109.739,32,114.552,14,96.151,50,91.3304,16,0.931198,5
2010,Baylor,67.1829,182,65.7707,241,112.716,11,118.53,3,98.1937,99,94.5561,45,0.930775,6
2010,"Ohio St.",64.9935,268,65.9527,234,113.058,10,116.155,8,94.2079,35,93.0289,30,0.927789,7
2010,"West Virginia",64.1925,293,63.3086,314,111.044,23,115.216,11,97.5943,86,92.5752,23,0.925263,8
2010,Butler,64.1108,295,64.1486,291,106.952,64,108.243,57,92.2578,17,87.3385,2,0.921852,9
2010,"Texas A&M",66.2157,230,65.6143,246,106.696,71,110.031,44,96.5561,65,90.5684,10,0.903658,10
2010,Wisconsin,59.9351,342,60.2191,340,111.046,22,112.907,19,94.2364,36,93.0097,29,0.902855,11
2010,BYU,71.3608,28,72.4833,14,115.135,6,115.116,12,92.8566,24,94.9681,51,0.901372,12
2010,Maryland,70.4352,50,70.2793,46,111.824,15,116.833,6,96.849,72,96.5639,68,0.899459,13
2010,Purdue,66.9035,193,67.406,162,105.06,94,105.809,93,91.5055,10,87.8318,4,0.89487,14
2010,Temple,61.9954,331,61.1689,336,104.209,108,106.135,89,90.5316,6,88.1128,6,0.894736,15
2010,Georgetown,66.7853,200,66.9098,188,110.096,29,115.297,10,98.8099,118,95.7646,61,0.894218,16
2010,Xavier,70.2178,58,70.3047,45,110.37,26,114.376,16,96.0976,49,95.017,53,0.894021,17
2010,Dayton,67.3542,174,66.9314,187,103.219,131,106.044,91,91.3431,9,88.902,7,0.883676,18
2010,"Northern Iowa",59.0657,345,59.7497,343,107.269,60,108.047,64,93.134,27,90.6124,11,0.883264,19
2010,California,68.2357,130,67.9595,133,113.389,9,117.076,5,99.6782,135,98.3296,101,0.881504,20
2010,"Michigan St.",66.0642,237,66.1257,224,108.188,49,110.565,36,96.4958,63,92.8872,27,0.881164,21
2010,Villanova,72.2858,20,72.4374,15,112.497,13,114.586,13,100.283,149,96.2651,64,0.881163,22
2010,Texas,74.026,9,72.645,12,108.588,44,111.738,25,93.8814,31,94.327,37,0.875223,23
2010,Missouri,71.2872,30,70.1496,54,107.31,59,109.14,47,92.8995,25,92.5863,24,0.868945,24
2010,Pittsburgh,62.9362,319,62.5709,322,106.839,65,109.576,45,96.4335,61,92.9923,28,0.86843,25
2010,Tennessee,70.0342,64,68.6743,96,104.27,106,107.387,70,93.3732,28,91.2828,15,0.866289,26
2010,Clemson,70.0313,65,69.0689,82,104.72,100,108.623,51,92.6417,21,92.4694,22,0.864316,27
2010,"Georgia Tech",70.5337,46,69.5167,68,101.9,155,106.936,73,93.9839,32,91.1213,13,0.863007,28
2010,"Utah St.",62.5962,324,61.5761,333,116.272,1,112.779,20,96.2187,53,96.1884,63,0.861754,29
2010,Marquette,64.6547,284,63.7039,304,111.329,19,112.044,22,98.8089,117,95.6098,59,0.861061,30
2010,"Notre Dame",64.0391,297,63.3771,312,115.998,3,116.804,7,105.489,270,99.7799,131,0.859551,31
2010,"Saint Mary's",66.9803,188,67.1838,177,115.645,4,114.304,17,99.2209,126,97.9502,90,0.855163,32
2010,"Florida St.",67.7174,150,66.6832,200,100.143,191,102.045,155,89.0421,1,87.4844,3,0.854511,33
2010,"Old Dominion",63.0899,317,63.7049,303,105.966,85,106.265,85,91.0038,7,91.2423,14,0.852298,34
2010,Minnesota,66.1898,232,66.4314,211,108.232,48,110.161,41,96.5305,64,94.8158,48,0.848781,35
2010,"Oklahoma St.",68.6854,109,67.506,157,107.369,58,110.987,31,99.001,121,95.6589,60,0.846732,36
2010,Washington,72.9364,13,73.0768,10,107.992,51,109.527,46,96.0505,47,94.6837,46,0.842209,37
2010,UTEP,69.8956,69,69.5085,69,106.216,80,105.142,105,91.2776,8,90.8974,12,0.842125,38
2010,"San Diego St.",64.0004,298,64.3714,288,107.581,54,108.882,49,96.2144,52,94.4142,40,0.837475,39
2010,Vanderbilt,70.3,54,69.5639,66,109.149,38,111.375,30,99.0275,122,96.6207,70,0.836748,40
2010,Richmond,65.1347,263,64.0507,298,104.018,115,108.304,56,94.6612,39,94.1972,36,0.832692,41
2010,Cornell,65.1155,264,65.621,245,113.574,8,117.179,4,98.3297,101,101.946,174,0.832229,42
2010,"Virginia Tech",68.7632,101,68.8215,93,103.705,123,106.767,76,92.6797,22,93.1302,31,0.827992,43
2010,UNLV,67.2113,181,67.3071,168,107.407,56,108.149,61,94.7525,40,94.4886,44,0.825331,44
2010,"Murray St.",67.5618,159,66.7074,197,111.001,24,106.768,75,90.4215,5,93.4032,33,0.823167,45
2010,Gonzaga,69.0613,89,68.6694,98,110.147,28,110.212,39,97.7881,89,96.546,67,0.820902,46
2010,Louisville,68.3456,125,67.2743,170,109.817,30,112.004,23,101.176,169,98.3063,98,0.817598,47
2010,Florida,66.6396,210,65.3863,259,107.201,61,111.581,28,98.6631,112,97.9942,91,0.816551,48
2010,"Mississippi St.",67.753,146,67.2401,173,106.646,72,107.978,65,94.78,41,94.8961,49,0.815351,49
2010,"New Mexico",67.8549,139,68.2559,122,111.309,20,111.719,26,98.4903,107,98.2631,97,0.813955,50
2010,VCU,68.0961,133,68.9483,86,111.068,21,112.126,21,97.06,76,98.7175,106,0.812239,51
2010,Siena,70.2591,56,70.5408,39,106.189,82,107.216,71,92.6266,20,94.4327,41,0.811538,52
2010,"Miami FL",67.0297,185,66.586,204,106.516,73,110.853,33,97.0943,78,97.7013,89,0.810353,53
2010,Mississippi,70.6913,40,69.9106,59,109.696,33,110.074,43,98.8185,119,97.1154,76,0.80851,54
2010,Connecticut,68.4147,120,68.5001,108,102.247,149,105.274,103,97.4613,83,93.1746,32,0.802831,55
2010,Illinois,66.9152,192,67.757,144,104.257,107,106.698,78,98.3977,104,94.4828,43,0.801896,56
2010,"Rhode Island",69.0539,90,68.1855,126,109.135,40,110.793,35,101.253,171,98.4758,104,0.79499,57
2010,Memphis,66.9849,187,66.6864,199,112.704,12,113.652,18,98.3673,102,101.178,163,0.791981,58
2010,"Wake Forest",70.7213,39,69.8954,61,100.378,185,104.67,112,96.06,48,93.4778,34,0.785921,59
2010,"Arizona St.",62.1924,328,62.4775,326,107.39,57,106.435,82,94.2466,37,95.1671,54,0.783615,60
2010,"North Carolina",72.6443,16,71.3165,27,101.777,159,105.452,102,98.6434,111,94.4016,39,0.781262,61
2010,Alabama,65.9109,244,65.5787,247,103.937,121,105.586,99,98.0622,98,95.0146,52,0.770872,62
2010,UAB,65.0354,267,65.5135,251,102.108,152,101.464,167,92.2449,16,91.4819,17,0.766912,63
2010,"Wright St.",63.1415,315,63.2386,316,106.742,68,106.675,79,96.1581,51,96.1837,62,0.766833,64
2010,"St. John's",65.5354,251,65.3625,260,101.419,164,104.502,117,99.0518,123,94.3398,38,0.764312,65
2010,Michigan,61.9982,330,62.8419,320,101.237,168,105.618,97,99.563,131,95.4736,58,0.761559,66
2010,"Texas Tech",72.8667,14,71.9881,19,103.082,133,106.878,74,102.255,187,96.7648,72,0.758259,67
2010,Wofford,65.5332,253,64.9029,272,103.941,120,102.358,153,93.7219,29,92.6825,25,0.758035,68
2010,"Wichita St.",64.5236,287,65.4813,253,106.737,69,107.41,69,97.2076,79,97.3064,81,0.756952,69
2010,"North Carolina St.",65.9255,242,65.5345,248,100.707,181,103.472,135,97.3464,81,93.9228,35,0.752792,70
2010,"Seton Hall",71.8214,24,70.9425,32,109.216,36,110.197,40,103.528,229,100.403,143,0.744671,71
2010,"Missouri St.",64.5625,286,65.5255,250,109.752,31,110.283,38,100.266,148,100.504,146,0.744177,72
2010,Cincinnati,66.6267,212,66.7182,195,101.609,163,103.896,128,98.7052,113,94.7354,47,0.742967,73
2010,"Iowa St.",69.5021,78,69.1216,80,102.942,139,104.593,115,100.221,147,95.3929,57,0.742479,74
2010,"Boston College",66.0847,235,65.8802,236,104.537,103,108.408,55,100.198,145,99.006,110,0.739488,75
2010,Northeastern,61.6284,336,61.4824,334,103.487,125,103.422,137,96.2925,57,94.4663,42,0.73916,76
2010,USC,63.4833,311,63.5823,307,92.9907,303,93.932,286,89.0993,2,86.2019,1,0.728615,77
2010,"South Florida",64.8552,277,65.0709,269,103.041,135,105.592,98,100.846,156,97.2,79,0.721584,78
2010,Ohio,69.0012,92,69.7984,64,104.906,96,107.525,68,98.5852,109,99.0196,111,0.720654,79
2010,Virginia,63.5748,307,62.9898,317,102.34,147,104.87,107,99.2032,124,96.629,71,0.719333,80
2010,Nevada,70.387,51,69.9807,58,111.435,18,110.794,34,106.036,282,102.203,180,0.716704,81
2010,Portland,64.7439,280,64.3776,287,109.1,41,108.536,53,101.551,178,100.126,139,0.716581,82
2010,Northwestern,63.229,314,64.139,292,108.153,50,111.848,24,103.252,218,103.48,214,0.70977,83
2010,Georgia,66.4952,221,65.7042,242,102.68,143,108.052,63,103.841,238,99.9711,134,0.709702,84
2010,Tulsa,67.411,168,67.0978,181,105.805,86,105.246,104,97.6933,87,97.6444,88,0.703114,85
2010,"Illinois St.",65.2046,261,66.0948,226,105.5,90,104.918,106,98.249,100,97.3654,83,0.702486,86
2010,"Saint Louis",63.3035,313,63.3197,313,97.5158,237,99.3081,197,93.0014,26,92.1732,21,0.702121,87
2010,Colorado,69.2169,82,68.4854,110,106.724,70,111.382,29,107.598,303,103.426,213,0.701019,88
2010,Marshall,69.6763,74,70.1838,51,108.464,45,107.777,66,99.6081,132,100.105,137,0.700401,89
2010,Nebraska,64.9185,274,64.1875,290,101.736,161,105.653,96,100.217,146,98.1428,95,0.700133,90
2010,"Kent St.",67.2114,180,68.0626,129,103.961,118,104.866,108,97.3285,80,97.4321,84,0.699644,91
2010,Charlotte,69.5226,76,68.5225,107,104.75,99,106.407,83,101.547,177,99.078,112,0.694372,92
2010,Providence,74.2449,8,74.8977,5,110.357,27,114.461,15,110.462,337,106.888,277,0.687219,93
2010,Houston,71.6381,25,71.929,21,109.147,39,110.311,37,104.574,252,103.103,200,0.68506,94
2010,"South Carolina",71.0085,34,69.9034,60,101.065,174,103.971,127,99.986,141,97.1816,78,0.684949,95
2010,Arizona,68.6654,111,69.2081,76,102.24,150,106.401,84,102.717,203,99.4726,122,0.684453,96
2010,Pacific,61.8914,332,61.9195,331,105.619,88,103.609,133,97.976,94,96.9897,74,0.681198,97
2010,"Southern Miss",62.4942,325,62.0217,329,100.299,186,101.548,165,96.2562,56,95.2152,55,0.677116,98
2010,"Morehead St.",66.3841,225,65.7755,240,106.222,79,104.505,116,96.0413,46,98.0321,93,0.675968,99
2010,"Sam Houston St.",70.6168,43,70.3723,44,110.789,25,108.228,58,101.066,164,101.941,173,0.665587,100
2010,Montana,63.54,308,63.4407,310,108.387,47,104.399,119,97.9537,93,98.5264,105,0.660552,101
2010,"New Mexico St.",71.8496,23,71.4885,25,108.9,42,110.866,32,108.192,315,104.639,233,0.660327,102
2010,Princeton,59.6027,343,59.8692,342,99.1326,204,97.0599,239,89.5988,3,91.7393,19,0.656634,103
2010,IUPUI,66.1557,233,66.0574,227,108.892,43,106.613,81,100.296,150,100.777,152,0.656422,104
2010,"Appalachian St.",66.5595,216,66.5227,209,109.494,34,108.458,54,102.743,204,102.698,193,0.651926,105
2010,Auburn,70.9653,36,70.4074,43,105.133,93,108.667,50,103.854,239,102.959,198,0.650337,106
2010,Fairfield,67.3755,172,66.9748,185,103.943,119,105.565,100,98.057,97,100.031,135,0.650051,107
2010,Iona,66.655,209,65.9726,233,98.7426,215,97.978,223,92.4262,19,92.8573,26,0.649605,108
2010,"Penn St.",62.4691,326,63.5969,306,102.922,140,106.099,90,103.219,215,100.572,148,0.649129,109
2010,"Weber St.",68.7804,99,69.2399,75,109.159,37,106.25,86,102.7,201,100.894,155,0.644478,110
2010,Oklahoma,67.8387,141,66.5831,205,105.401,92,107.532,67,107.968,310,102.114,178,0.644395,111
2010,Harvard,67.7345,149,68.1553,127,106.818,67,105.747,94,96.9702,74,100.52,147,0.641733,112
2010,"William & Mary",61.6742,334,61.5764,332,105.437,91,107.205,72,103.856,240,101.992,175,0.63952,113
2010,Bradley,65.0719,266,66.4023,212,102.655,144,104.825,109,102.672,199,99.7882,132,0.637895,114
2010,Stanford,67.613,155,67.483,158,101.87,156,104.288,124,102.712,202,99.3894,120,0.63491,115
2010,Creighton,66.0042,239,66.5498,207,104.906,97,106.234,87,102.816,206,101.536,168,0.627179,116
2010,Akron,66.3151,227,66.3092,216,104.407,105,103.882,130,98.0464,96,99.4927,123,0.621627,117
2010,"Louisiana Tech",68.4679,117,68.454,112,105.637,87,103.09,142,101.123,167,98.8597,108,0.618187,118
2010,Detroit,68.341,126,68.9757,85,100.211,189,98.7839,202,96.362,59,94.8965,50,0.613417,119
2010,UCLA,65.5342,252,65.629,244,101.072,173,104.688,111,103.584,232,100.762,151,0.608152,120
2010,"George Washington",69.2313,81,68.2173,124,100.593,182,101.816,161,97.8982,91,98.0348,94,0.607114,121
2010,"Southern Illinois",66.1921,231,67.2426,172,104.047,112,104.132,126,101.241,170,100.355,142,0.604629,122
2010,Arkansas,71.5194,27,71.6654,23,103.025,136,103.22,140,102.267,188,99.5193,125,0.603462,123
2010,Niagara,69.1794,84,69.3659,71,103.013,137,104.649,113,98.7836,115,100.96,157,0.60175,124
2010,"Northern Colorado",67.4502,165,68.0623,130,107.929,52,103.664,132,98.6104,110,100.071,136,0.600039,125
2010,"Western Kentucky",65.9304,241,66.0218,231,106.274,77,104.354,121,99.8468,136,100.856,154,0.596772,126
2010,"Boston University",70.1937,59,71.1524,29,102.215,151,102.483,148,96.725,69,99.1193,115,0.594788,127
2010,Milwaukee,66.7727,202,67.5767,153,102.994,138,104.293,123,101.891,181,100.924,156,0.593309,128
2010,Belmont,70.3025,53,70.1674,52,103.273,130,102.23,154,96.3274,58,99.1627,116,0.586691,129
2010,Jacksonville,69.0932,87,68.9923,84,100.938,177,100.901,178,97.5773,85,98.1532,96,0.578719,130
2010,"St. Bonaventure",68.7238,105,67.8261,141,101.618,162,104.75,110,102.618,198,101.994,176,0.576046,131
2010,"Washington St.",66.8613,197,67.5413,155,104.937,95,104.348,122,103.788,237,101.624,171,0.575475,132
2010,"Oral Roberts",67.5622,158,67.2152,175,101.777,158,100.978,174,97.4374,82,98.3736,102,0.574555,133
2010,"Miami OH",61.1926,338,60.7521,337,100.72,179,102,158,102.395,191,99.3748,119,0.574413,134
2010,Vermont,67.4558,164,67.1672,178,104.188,110,102.839,146,95.4488,43,100.195,141,0.574326,135
2010,Utah,66.0195,238,66.211,219,100.164,190,100.15,185,99.347,128,97.6076,87,0.573395,136
2010,Oakland,70.5348,45,71.0447,31,106.135,83,106.627,80,102.457,195,103.972,220,0.571989,137
2010,Hofstra,69.3837,79,70.746,36,99.159,203,99.6682,191,96.658,66,97.3029,80,0.568614,138
2010,"Western Michigan",66.3676,226,67.0212,183,103.977,117,105.665,95,100.966,160,103.18,203,0.567984,139
2010,Oregon,67.2172,179,67.234,174,102.321,148,103.329,139,102.901,208,100.965,158,0.566166,140
2010,"Indiana St.",63.9727,299,65.8792,237,100.216,188,102.449,150,102.319,189,100.162,140,0.564543,141
2010,"Green Bay",64.5905,285,64.7484,278,104.027,113,104.598,114,103.141,214,102.403,186,0.560678,142
2010,"East Tennessee St.",69.0239,91,68.4511,113,99.7542,196,99.0386,200,96.7876,71,97.0944,75,0.556753,143
2010,Duquesne,69.8755,71,71.3477,26,97.0959,247,101.45,169,99.2691,127,99.5898,126,0.552993,144
2010,"Colorado St.",66.7847,201,67.626,150,97.8037,231,99.6953,190,99.9653,140,98.0039,92,0.549037,145
2010,"College of Charleston",69.5156,77,70.2004,50,107.576,55,108.164,60,105.231,265,106.457,274,0.545588,146
2010,Idaho,67.7859,145,65.9821,232,103.993,116,103.895,129,104.379,251,102.288,184,0.544698,147
2010,"UC Santa Barbara",67.2568,178,67.356,165,99.2268,202,98.2762,214,97.8453,90,96.8558,73,0.541758,148
2010,Drexel,65.1717,262,65.441,255,97.7477,233,98.6985,204,97.6999,88,97.3411,82,0.53973,149
2010,Buffalo,68.7774,100,69.5216,67,103.81,122,105.523,101,102.699,200,104.303,227,0.533394,150
2010,Rutgers,68.3032,127,68.5329,106,98.3608,220,102.409,152,105.118,263,101.285,164,0.531664,151
2010,"Stephen F. Austin",61.5186,337,60.0971,341,104.584,102,100.798,180,96.4023,60,99.8152,133,0.528129,152
2010,"Long Beach St.",69.9194,68,70.6981,38,98.6248,217,98.4861,211,101.004,163,97.5694,85,0.526862,153
2010,"Cleveland St.",65.3351,259,65.6806,243,102.767,141,104.41,118,104.722,255,103.5,215,0.525139,154
2010,"Western Carolina",70.1734,60,69.8406,63,104.494,104,104.145,125,101.652,179,103.345,210,0.52217,155
2010,SMU,62.9629,318,61.9916,330,104.025,114,103.439,136,102.99,209,102.649,191,0.522021,156
2010,Seattle,79.621,2,79.4474,2,101.012,175,99.5668,193,99.9874,142,99.1187,113,0.512965,157
2010,Campbell,66.5612,215,65.1495,267,101.783,157,98.6371,207,95.9635,45,98.3131,100,0.50946,158
2010,"George Mason",66.4283,223,66.1017,225,99.7389,197,101.457,168,100.494,151,101.158,161,0.508502,159
2010,"Saint Joseph's",70.6582,42,70.2288,49,96.8998,251,100.934,176,105.397,269,100.648,149,0.508162,160
2010,"Middle Tennessee",66.0685,236,66.1413,223,102.634,145,99.8883,189,98.0366,95,99.6551,129,0.506718,161
2010,"Morgan St.",70.0911,63,70.0204,57,106.988,63,102.934,144,98.9221,120,102.769,194,0.504616,162
2010,Massachusetts,70.2312,57,69.8743,62,98.7288,216,100.907,177,106.028,281,100.807,153,0.502833,163
2010,"Boise St.",71.2127,31,71.0698,30,103.063,134,100.45,183,102.2,185,100.432,145,0.500527,164
2010,"Oregon St.",63.5934,306,62.5002,324,94.8826,279,97.1736,236,97.5148,84,97.1676,77,0.500177,165
2010,"Coastal Carolina",66.8468,198,64.5148,283,106.32,76,98.6398,206,92.1453,14,98.7261,107,0.497486,166
2010,Drake,63.102,316,64.0558,296,104.676,101,105.896,92,108.216,316,106.065,263,0.49541,167
2010,"Saint Peter's",65.982,240,65.929,235,92.3168,311,91.1811,308,89.7993,4,91.501,18,0.489932,168
2010,UCF,65.2908,260,64.6086,279,99.8717,194,100.943,175,103.052,212,101.373,165,0.487793,169
2010,"La Salle",69.0683,88,69.1235,79,102.009,154,103.584,134,105.635,274,104.04,224,0.487372,170
2010,"Loyola Marymount",70.1666,61,70.4672,40,106.462,74,106.754,77,107.62,304,107.511,280,0.479706,171
2010,Lipscomb,71.0273,33,70.4166,42,109.224,35,108.079,62,105.381,267,108.891,298,0.478474,172
2010,"Eastern Michigan",65.9146,243,66.5508,206,99.2748,201,98.8819,201,98.7914,116,99.6501,128,0.477765,173
2010,Rider,68.9824,93,68.584,103,99.5082,200,102.425,151,102.596,197,103.265,207,0.476522,174
2010,"Fresno St.",66.9801,189,66.6399,202,98.8202,211,98.0617,220,100.589,153,98.8765,109,0.476229,175
2010,Valparaiso,67.8284,143,68.9,89,106.45,75,109.094,48,111.322,340,110.048,315,0.474981,176
2010,"Robert Morris",67.7415,147,66.9617,186,100.957,176,98.6872,205,96.6854,68,99.6427,127,0.472328,177
2010,Iowa,61.862,333,62.6375,321,97.289,244,101.22,171,106.735,292,102.252,183,0.47087,178
2010,"North Texas",68.4602,118,68.4435,114,104.879,98,101.812,162,101.1,166,102.87,195,0.470315,179
2010,Troy,67.4127,167,66.7499,194,105.533,89,102.917,145,106.296,286,103.996,221,0.470034,180
2010,"San Jose St.",67.4673,163,66.8752,189,108.387,46,108.591,52,112.146,343,109.851,312,0.466894,181
2010,Lehigh,69.9422,67,70.1507,53,106.999,62,104.366,120,99.9256,138,105.884,258,0.458581,182
2010,"Texas A&M Corpus Chris",67.5183,160,66.3154,215,98.9436,209,96.9475,242,97.9417,92,98.386,103,0.457756,183
2010,"Mount St. Mary's",67.3663,173,67.2497,171,97.7083,235,94.9093,275,92.7342,23,96.3274,66,0.457463,184
2010,"Portland St.",68.3755,123,67.5821,152,111.739,17,110.093,42,115.613,346,111.921,339,0.45281,185
2010,DePaul,63.4865,310,63.7693,301,94.5292,287,97.7278,226,103.565,231,99.5155,124,0.448073,186
2010,"Central Michigan",64.1931,292,64.5088,284,99.6187,198,100.416,184,99.6635,134,102.434,187,0.44306,187
2010,TCU,65.1111,265,64.7743,276,101.151,172,103.079,143,107.433,302,105.192,246,0.441945,188
2010,Quinnipiac,68.9307,95,69.0717,81,106.189,81,101.734,164,96.2351,55,103.924,219,0.439067,189
2010,"Stony Brook",66.5645,214,66.4003,213,102.715,142,100.882,179,96.6619,67,103.146,202,0.436528,190
2010,Denver,60.2859,339,59.7262,344,107.821,53,103.396,138,104.258,248,105.755,255,0.435516,191
2010,"Bowling Green",63.9612,300,64.4064,285,98.0075,229,100.618,182,103.669,235,102.934,196,0.434948,192
2010,"Eastern Kentucky",62.8544,321,62.4909,325,111.913,14,108.22,59,106.646,291,110.768,327,0.433485,193
2010,"Montana St.",64.8444,278,64.5983,281,104.176,111,102.451,149,105.671,277,104.933,241,0.431612,194
2010,"The Citadel",59.9599,341,60.716,338,100.712,180,98.4665,212,101.36,174,101.003,159,0.427394,195
2010,Davidson,66.6719,208,66.2496,218,103.429,127,101.957,159,104.602,253,104.673,236,0.42499,196
2010,Manhattan,67.7871,144,67.6738,149,96.603,255,97.7548,225,98.5706,108,100.43,144,0.423004,197
2010,Indiana,67.9849,135,68.6733,97,96.4022,256,99.5253,194,104.983,259,102.329,185,0.420812,198
2010,LSU,63.9026,301,62.8966,318,95.7109,270,96.4823,249,103.592,233,99.2151,117,0.420381,199
2010,Canisius,66.4027,224,66.3785,214,98.3243,222,99.1003,199,99.652,133,102.03,177,0.417002,200
2010,"Arkansas St.",67.327,175,67.4594,159,100.226,187,97.8861,224,99.4757,130,101.132,160,0.407308,201
2010,"San Francisco",67.3879,171,67.6135,151,98.3591,221,98.626,208,106.756,294,102.215,181,0.398674,202
2010,Mercer,70.4734,47,69.3233,73,105.987,84,106.177,88,107.785,308,110.221,320,0.394165,203
2010,"Southeastern Louisiana",68.1334,131,67.3949,163,103.285,129,99.3544,196,99.9584,139,103.309,209,0.389635,204
2010,"Eastern Illinois",64.2119,291,64.5175,282,101.159,171,98.6069,210,101.484,176,102.556,190,0.388984,205
2010,"James Madison",67.6648,154,67.9309,134,98.8153,212,100.69,181,103.557,230,104.812,240,0.38665,206
2010,Maine,65.385,257,66.0286,230,94.6875,286,92.606,301,94.8037,42,96.5689,69,0.381809,207
2010,UTSA,64.9282,273,64.1362,293,104.196,109,101.812,163,102.342,190,106.259,266,0.379496,208
2010,"Austin Peay",67.5785,157,67.3032,169,103.486,126,101.947,160,106.617,290,106.56,275,0.375425,209
2010,"Georgia St.",62.7815,322,63.2535,315,97.2951,243,98.6094,209,100.975,161,103.105,201,0.374561,210
2010,"Florida Atlantic",68.7841,98,68.8461,92,103.572,124,101.523,166,105.032,261,106.195,265,0.373445,211
2010,"UC Davis",68.7566,103,67.7301,146,99.026,207,99.585,192,103.784,236,104.761,238,0.35831,212
2010,"Cal St. Fullerton",68.552,114,69.0646,83,102.052,153,101.028,173,104.211,246,106.374,271,0.355955,213
2010,"San Diego",63.4828,312,63.3825,311,96.3919,257,96.023,257,103.396,224,101.16,162,0.354494,214
2010,"Louisiana Lafayette",66.5397,219,66.7954,192,101.215,170,98.0102,221,101.458,175,103.259,206,0.354349,215
2010,"Northern Arizona",66.6969,206,67.3828,164,98.2292,225,98.104,219,105.815,280,103.366,212,0.354153,216
2010,"Loyola MD",66.6378,211,66.8601,191,97.107,246,98.0006,222,98.7629,114,103.281,208,0.353534,217
2010,"UNC Wilmington",69.204,83,69.3604,72,95.3466,275,96.9249,243,103.082,213,102.248,182,0.350958,218
2010,"South Dakota St.",68.2862,129,68.431,116,106.228,78,103.799,131,107.396,301,109.56,308,0.349523,219
2010,"Arkansas Pine Bluff",67.4003,170,66.1773,221,92.9338,305,91.2011,307,94.1948,34,96.2848,65,0.348919,220
2010,"Ball St.",62.8578,320,63.5199,308,92.949,304,93.1076,293,96.8781,73,98.3077,99,0.348649,221
2010,"Loyola Chicago",64.2738,289,64.4001,286,99.5478,199,100.051,188,106.35,287,105.791,256,0.344909,222
2010,Winthrop,66.5748,213,65.3581,261,92.1328,314,90.018,319,92.2161,15,95.3069,56,0.34151,223
2010,Evansville,65.7254,248,66.6388,203,95.9383,266,95.968,259,103.949,242,101.85,172,0.335361,224
2010,"Texas St.",75.6942,3,75.8272,3,97.779,232,97.6552,227,103.395,223,103.757,217,0.332475,225
2010,"Cal St. Northridge",72.5491,19,71.8693,22,96.9609,249,96.1104,255,102.399,192,102.177,179,0.330942,226
2010,Radford,70.5548,44,68.7201,95,97.3554,241,93.2241,291,96.2345,54,99.1192,114,0.330671,227
2010,Hampton,67.6918,152,67.5098,156,97.419,239,93.0739,295,94.5981,38,99.366,118,0.320324,228
2010,"East Carolina",68.6781,110,68.5418,105,96.6549,253,100.083,187,110.158,331,106.93,278,0.318413,229
2010,Towson,68.5634,113,69.3787,70,99.0389,206,101.441,170,110.36,335,108.524,296,0.315156,230
2010,"Youngstown St.",67.4827,162,68.4424,115,96.8564,252,97.5704,231,105.725,279,104.422,230,0.314225,231
2010,"UC Riverside",62.3535,327,62.1563,327,97.1995,245,97.0028,240,102.068,184,103.817,218,0.314154,232
2010,Furman,68.9419,94,68.8498,91,98.251,223,96.4282,251,100.888,158,103.24,205,0.313246,233
2010,IPFW,67.4101,169,67.0923,182,98.1808,226,96.0211,258,101.086,165,102.962,199,0.30946,234
2010,"Cal Poly",67.7,151,67.5533,154,102.409,146,102.661,147,110.344,334,110.188,319,0.30712,235
2010,Tulane,66.1197,234,66.9893,184,93.4023,300,92.4579,302,100.877,157,99.4442,121,0.30202,236
2010,"Santa Clara",67.0013,186,67.1024,180,94.0806,293,94.3706,281,104.246,247,101.613,170,0.299366,237
2010,"Northern Illinois",69.3825,80,71.308,28,95.9404,265,97.6258,230,102.566,196,105.137,245,0.298918,238
2010,Hawaii,67.1138,183,66.0392,229,101.216,169,98.722,203,109.144,323,106.323,269,0.298795,239
2010,"Holy Cross",66.7906,199,66.1606,222,103.102,132,101.206,172,106.256,285,109.008,299,0.298603,240
2010,"Illinois Chicago",67.2586,177,68.9233,88,92.4678,310,95.7938,260,105.566,271,103.36,211,0.294383,241
2010,"UT Arlington",72.7765,15,71.9318,20,97.9723,230,94.9671,273,100.071,143,102.525,189,0.293049,242
2010,Bucknell,65.4589,255,65.437,256,100.592,183,96.4644,250,101.896,182,104.283,226,0.289823,243
2010,"North Dakota St.",68.6416,112,68.3594,119,97.3166,242,94.8124,277,101.27,172,102.523,188,0.289221,244
2010,Lafayette,67.5139,161,68.1861,125,106.837,66,102.034,156,105.673,278,110.341,323,0.289032,245
2010,"Tennessee Tech",68.2925,128,67.9145,135,103.389,128,103.145,141,112.968,344,111.908,338,0.281354,246
2010,"UNC Greensboro",67.8379,142,67.725,147,93.7249,297,95.2826,268,105.591,272,103.544,216,0.277627,247
2010,"South Dakota",74.7239,6,74.3152,7,101.252,167,96.9714,241,99.3679,129,105.491,251,0.275202,248
2010,Chattanooga,70.4379,49,70.421,41,96.9201,250,95.4584,265,103.5,228,104.027,223,0.271203,249
2010,"UC Irvine",65.3718,258,64.7742,277,101.359,165,100.1,186,106.866,295,109.236,304,0.268065,250
2010,"South Alabama",66.5324,220,66.1923,220,97.0223,248,94.3174,282,102.417,194,102.951,197,0.267529,251
2010,Samford,57.4906,347,57.7364,347,99.8267,195,99.1053,198,108.096,313,108.237,294,0.266276,252
2010,Elon,68.7509,104,68.2221,123,94.3455,291,95.6721,262,105.393,268,104.703,237,0.261678,253
2010,"Air Force",59.1806,344,58.1679,346,93.884,295,95.2271,271,106.409,288,104.535,232,0.254942,254
2010,"Tennessee St.",68.7613,102,68.7653,94,96.1996,260,96.6535,246,106.114,284,106.154,264,0.253849,255
2010,Wyoming,70.6783,41,70.9284,33,94.3964,289,95.2492,270,105.655,276,104.66,235,0.252844,256
2010,"Western Illinois",62.1905,329,62.0603,328,91.5352,317,90.8146,312,98.4574,106,100.107,138,0.245941,257
2010,"South Carolina St.",68.7105,106,68.6013,101,99.9045,192,95.2636,269,100.495,152,105.018,242,0.245818,258
2010,Delaware,64.9722,269,65.3413,263,95.3385,276,97.3778,234,109.19,325,107.491,279,0.243009,259
2010,Yale,67.2869,176,67.8325,140,97.4319,238,94.5753,278,102.802,205,104.47,231,0.241523,260
2010,"Delaware St.",58.7652,346,59.3186,345,98.1705,227,95.2988,267,100.628,154,105.27,249,0.241512,261
2010,"Eastern Washington",70.1295,62,69.177,77,94.8178,280,95.5053,264,108.241,317,105.617,253,0.239152,262
2010,Rice,67.4276,166,67.441,160,94.3587,290,94.0237,285,103.377,221,104.017,222,0.238389,263
2010,"Jackson St.",66.5416,218,65.4676,254,93.4416,299,93.29,289,97.0934,77,103.227,204,0.237941,264
2010,Binghamton,63.5073,309,64.0547,297,96.3731,258,97.1611,237,106.737,293,107.66,282,0.235046,265
2010,"Nicholls St.",63.9008,302,62.878,319,98.2296,224,98.2053,216,109.699,328,109.082,301,0.230066,266
2010,"Kennesaw St.",66.2353,229,65.1402,268,97.4112,240,97.1593,238,105.169,264,107.953,289,0.229451,267
2010,"Norfolk St.",72.5951,17,72.4078,16,95.9423,264,94.899,276,101.687,180,105.6,252,0.226401,268
2010,"Jacksonville St.",67.7362,148,67.8775,138,100.4,184,95.1592,272,106.58,289,106.037,262,0.22362,269
2010,"Texas Southern",69.133,86,68.0099,131,95.3665,274,91.1023,310,95.8948,44,101.566,169,0.222639,270
2010,"LIU Brooklyn",68.1091,132,68.5997,102,100.736,178,98.1755,217,103.274,219,109.554,307,0.220779,271
2010,Army,64.7993,279,64.2328,289,92.9123,306,87.3559,335,93.7787,30,97.6057,86,0.218255,272
2010,"New Hampshire",64.706,282,65.2741,265,91.5388,316,90.6459,314,96.4734,62,101.399,166,0.215999,273
2010,"North Florida",64.4103,288,64.6058,280,90.9987,318,89.961,320,100.932,159,100.717,150,0.214361,274
2010,"UNC Asheville",73.6698,11,72.7872,11,96.0776,261,96.1154,254,104.915,258,107.757,286,0.211682,275
2010,"USC Upstate",66.7019,205,66.5269,208,90.4542,320,90.3289,317,100.998,162,101.428,167,0.208699,276
2010,"Louisiana Monroe",67.6056,156,67.4307,161,98.7951,214,97.4345,233,107.042,296,109.41,306,0.208647,277
2010,"Alabama St.",67.9716,136,66.0528,228,93.8197,296,92.7424,297,97.0259,75,104.364,229,0.204611,278
2010,"Cal St. Bakersfield",68.6867,107,68.5561,104,94.9829,278,94.5442,279,107.628,305,106.446,273,0.203662,279
2010,Brown,66.7329,203,67.7367,145,98.8793,210,98.1154,218,108.361,318,110.573,325,0.201884,280
2010,"McNeese St.",66.9398,190,66.7521,193,98.8069,213,98.2179,215,108.128,314,110.733,326,0.201133,281
2010,Liberty,68.3884,122,67.3283,166,95.7391,269,95.5358,263,103.022,211,107.724,285,0.20088,282
2010,"Sacramento St.",68.4071,121,67.9821,132,92.5713,308,92.7518,296,105.63,273,104.642,234,0.199864,283
2010,"Idaho St.",63.8644,303,64.0709,295,101.258,166,102.009,157,117.06,347,115.103,345,0.19959,284
2010,"Sacred Heart",70.3824,52,70.2689,48,101.764,160,96.7333,245,103.224,216,109.269,305,0.19761,285
2010,"High Point",70.7516,38,68.2873,121,99.0647,205,96.4883,248,103.236,217,109.014,300,0.197234,286
2010,"Arkansas Little Rock",66.4561,222,67.1909,176,98.603,218,98.4209,213,110.064,330,111.275,332,0.195972,287
2010,American,64.1463,294,63.7607,302,95.7873,268,93.2766,290,103,210,105.662,254,0.192504,288
2010,Longwood,73.744,10,74.4471,6,95.4944,272,97.3367,235,107.358,299,110.273,321,0.192325,289
2010,Lamar,69.9446,66,68.8885,90,96.2045,259,95.3428,266,105.002,260,108.051,291,0.191705,290
2010,Pepperdine,66.8722,196,66.716,196,96.604,254,96.2206,252,111.231,339,109.152,303,0.189983,291
2010,Navy,72.2013,22,72.4905,13,97.7416,234,94.9328,274,103.494,226,107.799,287,0.188215,292
2010,Colgate,66.8828,195,66.8641,190,99.0171,208,96.543,247,105.045,262,109.628,309,0.188213,293
2010,"Georgia Southern",71.3001,29,72.1356,18,96.0665,262,97.6486,228,111.728,341,111.05,330,0.185583,294
2010,Penn,64.8823,275,65.4165,257,95.657,271,97.6379,229,110.278,333,111.137,331,0.184042,295
2010,UMKC,66.9165,191,66.6914,198,98.4811,219,96.747,244,107.721,307,110.124,317,0.18402,296
2010,FIU,68.8613,96,69.2717,74,97.5983,236,97.5684,232,111.174,338,111.58,334,0.176073,297
2010,"Bethune Cookman",60.2653,340,60.3446,339,95.4036,273,92.6654,300,99.9001,137,106.015,261,0.175407,298
2010,"Northwestern St.",75.0257,5,75.1973,4,98.1622,228,96.1476,253,107.877,309,110.285,322,0.171128,299
2010,"Florida Gulf Coast",68.6865,108,67.9115,136,93.9499,294,93.7269,288,104.026,244,107.555,281,0.170431,300
2010,Albany,65.7277,247,65.3876,258,95.1422,277,95.7331,261,104.777,256,109.875,313,0.17017,301
2010,"Charleston Southern",65.3852,256,64.1252,294,94.6911,284,92.7119,298,101.285,173,106.706,276,0.165661,302
2010,"Savannah St.",62.6161,323,63.4929,309,88.3963,331,89.1531,326,98.4529,105,102.669,192,0.164758,303
2010,"Central Arkansas",65.4704,254,65.0606,271,93.7233,298,91.1379,309,104.327,249,105.111,244,0.162407,304
2010,Fordham,72.5862,18,72.2763,17,87.8518,335,92.1793,303,109.142,322,106.325,270,0.16222,305
2010,Columbia,64.675,283,65.2664,266,93.1291,302,90.2899,318,100.742,155,104.313,228,0.15972,306
2010,Monmouth,66.8992,194,66.6794,201,94.7764,281,90.7416,313,99.2091,125,105.088,243,0.156034,307
2010,"North Carolina A&T",69.775,72,68.9443,87,94.4304,288,92.6865,299,102.825,207,107.663,283,0.151551,308
2010,"Central Connecticut",63.5955,305,64.8006,274,94.7172,283,91.3596,305,100.133,144,106.271,267,0.149479,309
2010,"Southeast Missouri St.",68.0945,134,68.4904,109,90.2341,322,89.5711,321,105.296,266,104.781,239,0.141406,310
2010,"Prairie View A&M",68.4835,116,67.3083,167,87.7965,336,84.925,342,92.4101,18,99.6981,130,0.136538,311
2010,"St. Francis PA",64.93,272,65.348,262,95.8216,267,94.2978,283,107.087,297,110.865,329,0.134552,312
2010,Hartford,64.721,281,64.7936,275,95.9765,263,93.1224,292,107.282,298,109.645,310,0.132586,313
2010,"St. Francis NY",64.8689,276,65.0652,270,91.9255,315,88.4647,330,98.3877,103,104.197,225,0.132129,314
2010,"Fairleigh Dickinson",68.4528,119,68.402,118,92.1808,313,91.3352,306,103.488,225,108.043,290,0.126537,315
2010,UMBC,66.7211,204,67.8247,142,94.0913,292,96.0747,256,109.649,327,113.666,343,0.126349,316
2010,Centenary,71.1807,32,70.71,37,94.6905,285,94.4164,280,111.971,342,112.203,340,0.120806,317
2010,"New Orleans",64.9584,271,65.2805,264,89.8057,326,88.4074,331,102.415,193,105.218,247,0.118999,318
2010,"Houston Baptist",74.5498,7,73.9931,9,94.7601,282,93.7269,287,104.678,254,111.743,336,0.116919,319
2010,VMI,85.1839,1,84.2041,1,99.8846,193,99.4832,195,114.442,345,119.068,346,0.112387,320
2010,"Maryland Eastern Shore",65.7017,250,66.2772,217,92.2459,312,91.0543,311,104.866,257,109.13,302,0.110809,321
2010,"Mississippi Valley St.",69.5743,75,68.4806,111,90.0042,324,91.478,304,104.353,250,110.113,316,0.106003,322
2010,"Texas Pan American",67.8486,140,67.8618,139,89.0644,330,87.9555,333,103.632,234,105.965,260,0.105066,323
2010,"Alabama A&M",72.2435,21,70.8303,35,88.0253,333,87.7999,334,96.7702,70,105.915,259,0.103666,324
2010,"Southern Utah",67.9657,137,68.099,128,89.8668,325,89.1632,325,108.072,312,107.69,284,0.102375,325
2010,Stetson,66.6829,207,67.1277,179,88.1532,332,90.6236,316,109.115,320,110.131,318,0.09604,326
2010,Toledo,61.6427,335,61.2555,335,87.06,339,87.0987,338,109.169,324,105.88,257,0.09574,327
2010,"Gardner Webb",73.0581,12,71.5099,24,90.5189,319,90.6406,315,108.439,319,110.45,324,0.093378,328
2010,"Utah Valley",64.9604,270,62.5447,323,93.2324,301,88.6347,329,102.058,183,108.107,292,0.092463,329
2010,"Coppin St.",65.7197,249,65.8529,238,90.3296,321,88.2652,332,103.39,222,107.882,288,0.090467,330
2010,"Winston Salem St.",68.3575,124,67.6839,148,86.1443,342,86.8841,339,103.892,241,106.401,272,0.088638,331
2010,"Florida A&M",67.9457,138,68.4058,117,92.4819,309,93.0953,294,107.683,306,114.159,344,0.087416,332
2010,Presbyterian,65.8021,245,63.8297,300,89.484,328,89.3573,323,110.405,336,109.837,311,0.085251,333
2010,NJIT,68.8004,97,67.7833,143,86.4427,340,84.8948,343,101.143,168,105.247,248,0.077897,334
2010,"Tennessee Martin",71.0028,35,70.8462,34,89.4883,327,89.2899,324,109.131,321,110.81,328,0.077045,335
2010,Howard,65.7868,246,65.7895,239,87.8958,334,87.1992,337,106.068,283,108.386,295,0.075768,336
2010,Marist,64.0528,296,64.0357,299,87.629,337,89.465,322,110.17,332,111.696,335,0.072277,337
2010,"North Carolina Central",67.6657,153,67.8883,137,83.453,344,85.0631,341,105.647,275,106.295,268,0.071595,338
2010,Wagner,67.0708,184,66.5132,210,90.0196,323,88.7234,328,103.497,227,111.284,333,0.068787,339
2010,"SIU Edwardsville",69.1428,85,68.632,100,87.6028,338,87.2661,336,109.978,329,110.016,314,0.065125,340
2010,"Grambling St.",69.8844,70,69.1378,78,89.3885,329,89.0466,327,104.068,245,113.032,342,0.060492,341
2010,"Chicago St.",68.5027,115,68.3407,120,86.3318,341,85.075,340,103.967,243,108.22,293,0.059119,342
2010,"North Dakota",66.2383,228,65.5027,252,92.5862,307,94.1786,284,109.213,326,120.661,347,0.054699,343
2010,Dartmouth,63.85,304,64.8204,273,83.0888,345,82.0043,345,103.286,220,105.33,250,0.053216,344
2010,Southern,70.453,48,70.1025,56,84.2353,343,83.0798,344,102.212,186,108.841,297,0.042861,345
2010,"Alcorn St.",75.3834,4,74.1115,8,80.4681,347,80.9431,346,108.065,311,112.433,341,0.022335,346
2010,Bryant,64.2369,290,63.6965,305,80.6753,346,79.7014,347,107.361,300,111.792,337,0.020015,347
